min lot size:
  answer_accuracy: 0.8240740740740741
  conditional_answer_accuracy: 0.8936170212765957
  num_correct_answer: 178
  num_correct_page_extracted: 167
  num_correct_page_searched: 188
  num_results: 761
  page_extract_recall: 0.7731481481481481
  page_search_recall: 0.8703703703703703
min unit size:
  answer_accuracy: 0.8622448979591837
  conditional_answer_accuracy: 0.9393939393939394
  num_correct_answer: 169
  num_correct_page_extracted: 154
  num_correct_page_searched: 165
  num_results: 615
  page_extract_recall: 0.7857142857142857
  page_search_recall: 0.8418367346938775
