min lot size:
  answer_accuracy: 0.8425925925925926
  conditional_answer_accuracy: 0.9251336898395722
  num_correct_answer: 182
  num_correct_page_extracted: 172
  num_correct_page_searched: 187
  num_results: 701
  page_extract_recall: 0.7962962962962963
  page_search_recall: 0.8657407407407407
min unit size:
  answer_accuracy: 0.8724489795918368
  conditional_answer_accuracy: 0.9464285714285714
  num_correct_answer: 171
  num_correct_page_extracted: 160
  num_correct_page_searched: 168
  num_results: 552
  page_extract_recall: 0.8163265306122449
  page_search_recall: 0.8571428571428571
