min_lot_size:
  answer_accuracy: 0.6139240506329114
  conditional_answer_accuracy: 0.6811594202898551
  num_correct_answer: 97.0
  num_correct_page_extracted: 82.0
  num_correct_page_searched: 138.0
  num_results: 518
  page_extract_recall: 0.5189873417721519
  page_search_recall: 0.8734177215189873
min_unit_size:
  answer_accuracy: 0.3333333333333333
  conditional_answer_accuracy: 0.4166666666666667
  num_correct_answer: 11.0
  num_correct_page_extracted: 6.0
  num_correct_page_searched: 24.0
  num_results: 130
  page_extract_recall: 0.18181818181818182
  page_search_recall: 0.7272727272727273
